1 T-A1 W. Montenegro 42.50 17.90 7.2 7.6 7.1 7.2
Δ. Μαυροβούνιο 41.60 19.15
41.75 19.80
42.15 19.70
42.80 18.50
2 T-A2 W. Albania 41.60 19.15 6.8 7.0 6.8 6.9
Δ. Αλβανία 40.50 19.00
40.65 20.25
41.00 20.25
41.75 19.80
3 T-A3 SW Albania 40.50 19.00 7.1 7.2 6.6 7.1
ΝΔ Αλβανία 39.75 19.40
40.00 20.60
40.65 20.25
4 T-A4 Corfu 39.75 19.40 7.0 7.0 7.1 7.1
Κέρκυρα 39.15 19.65
38.78 20.18
38.81 20.26
38.93 20.90
38.97 21.23
39.95 20.64
40.00 20.60
5 T-A5 N. Ionian (ext.) 40.50 19.00 - - 6.0 6.2
Β. Ιόνιο (εξ.) 39.60 18.55
38.50 19.30
38.78 20.18
39.15 19.65
39.75 19.40
6 N-B1 SE Montenegro 42.80 18.50 - - 5.4 6.0
ΝΑ Μαυροβούνιο 42.15 19.70
42.15 20.28
42.50 20.15
43.00 19.50
7 N-B2 NE Albania 42.15 19.70 6.9 7.0 6.3 6.9
ΒΑ Αλβανία 41.75 19.80
41.00 20.25
41.25 20.85
41.55 20.75
42.15 20.28
8 N-B3 Ochrida 41.00 20.25 6.7 6.8 6.7 6.7
Οχρίδα 40.65 20.25
39.95 20.64
40.15 21.00
40.75 21.05
41.25 20.85
9 N-B4 E Epirus 39.95 20.64 6.4 - 6.4 6.4
Αν. Ήπειρος 38.97 21.23
39.00 21.45
39.30 21.50
39.70 21.25
40.15 21.00
10 S-C1 C. Ionian (ext.) 38.50 19.30 - - 5.7 6.2
Κ. Ιόνιο (εξ.) 37.35 18.40
36.80 19.10
37.40 19.40
37.80 19.60
38.54 20.20
38.81 20.26
38.78 20.18
11 S-C2 Lefkada 38.81 20.26 6.7 6.8 6.7 6.7
Λευκάδα 38.54 20.20
38.54 20.74
38.93 20.90
12 S-C3 Amfilochia 38.93 20.90 6.5 - 6.3 6.4
Αμφιλοχία 38.54 20.74
38.54 21.18
38.97 21.23
13 S-C4 W. Cephalonia 38.54 20.20 7.4 7.7 7.4 7.4
Δ. Κεφαλονιά 37.80 19.60
37.55 20.05
37.90 20.40
38.54 20.74
14 S-C5 E. Cephalonia 38.54 20.74 - - 7.2 7.2
Αν. Κεφαλονιά 37.90 20.40
38.00 20.85
38.54 21.18
15 T-D1 S. Ionian (ext 1) 37.40 19.40 - - 4.9 6.2
Ν. Ιόνιο (εξ. 1) 36.80 19.10
35.50 20.50
35.90 21.00
16 T-D2 S. Ionian (ext 2) 37.80 19.60 - - 5.9 6.2
Ν. Ιόνιο (εξ. 2) 37.40 19.40
35.90 21.00
36.00 21.15
36.42 21.40
37.10 20.75
37.55 20.05
17 T-D3 Zakinthos 37.55 20.05 7.0 7.2 7.0 7.0
Ζάκυνθος 37.10 20.75
37.32 21.12
37.50 21.38
37.63 21.22
38.00 20.85
37.90 20.40
18 T-D4 Pylos 37.10 20.75 7.5 - 7.3 7.3
Πύλος 36.42 21.40
36.75 22.00
37.15 21.55
37.05 21.40
37.32 21.12
19 T-D5 W. Libyan sea 35.50 20.50 - - 6.3 6.3
Δ. Λιβυκό πέλαγος 33.00 23.60
33.70 24.25
34.90 22.50
36.00 21.15
35.90 21.00
20 T-D6 S. of Messiakos gulf 36.00 21.15 6.4 - 6.7 7.3
Ν. Μεσσηνιακός κόλπος 34.90 22.50
35.60 23.25
36.00 22.50
36.75 22.00
36.42 21.40
21 T-D7 Gavdos 34.90 22.50 8.1 - 8.3 8.3
Γαύδος 33.70 24.25
34.45 24.95
34.87 24.30
35.15 23.85
35.60 23.25
22 T-D8 C. Libyan sea 1 33.70 24.25 - - 5.0 6.2
Κ. Λιβυκό πέλαγος 1 33.00 23.60
33.00 27.50
33.70 26.75
23 T-D9 C. Libyan sea 2 34.45 24.95 - - 6.4 6.8
Δ. Λιβυκό πέλαγος 2 33.70 24.25
33.70 26.75
34.40 26.05
24 T-D10 E. Libyan sea 1 34.40 26.05 6.2 - 6.0 6.8
Αν. Λιβυκό πέλαγος 1 33.70 26.75
34.75 27.90
35.45 27.30
34.90 26.90
25 T-D11 E. Libyan sea 2 33.70 26.75 - - 5.9 6.2
Αν. Λιβυκό πέλαγος 3 33.00 27.50
35.35 30.50
35.50 30.00
36.05 28.65
34.75 27.90
26 T-D12 Rodos 36.25 27.65 7.5 7.0 7.5 7.5
Ρόδος 35.75 27.65
35.45 27.30
34.75 27.90
36.05 28.65
36.60 28.95
36.70 28.75
27 T-D13 Kastelorizo 36.60 28.95 7.8 - 8.0 8.0
Καστελόριζο 36.05 28.65
35.50 30.00
35.35 30.50
36.10 31.00
36.40 29.50
28 N-E1 Skopje 42.15 20.28 7.0 6.4 7.0 7.0
Σκόπια 41.55 20.75
41.70 21.20
41.80 21.60
42.00 22.50
42.70 22.00
29 N-E2 Sofia 42.70 22.00 7.1 - 6.7 6.8
Σόφια 42.00 22.50
42.25 23.60
43.00 23.15
30 N-E3 Bitola 41.55 20.75 6.7 6.8 6.1 6.7
Βίτολα 41.25 20.85
40.75 21.05
40.95 21.50
41.70 21.20
31 N-E4 Prilep 41.70 21.20 - - 3.8 6.0
Πρέλιπ 40.95 21.50
41.12 22.00
41.45 21.85
41.80 21.60
32 N-E5 Cresna 41.80 21.60 7.3 7.3 7.3 7.3
Κρέσνα 41.45 21.85
41.50 23.60
42.25 23.60
42.00 22.50
33 N-E6 Doirani 41.45 21.85 6.7 7.2 6.7 6.7
Δοϊράνη 41.12 22.00
41.18 22.60
41.30 23.60
41.50 23.60
34 N-E7 Velingrad 42.25 23.60 - - 5.5 6.0
Βέλινγκραντ 41.50 23.60
41.60 24.48
41.75 24.48
42.35 24.48
42.50 24.48
35 N-E8 Gabrovo 42.70 24.48 - - 5.9 6.0
Γάβροβο 42.50 24.48
42.35 24.48
42.35 26.75
42.70 26.75
36 N-E9 Plovdiv 42.35 24.48 7.1 7.3 7.0 7.1
Φιλιππούπολη 41.75 24.48
41.75 26.75
42.35 26.75
37 N-E10 Ormenio 41.75 24.48 - - 5.5 6.0
Ορμένιο 41.60 24.48
41.40 24.90
41.48 26.00
41.50 26.75
41.75 26.75
38 N-E11 W. Macedonia 40.75 21.05 6.7 6.5 6.7 6.7
Δ. Μακεδονία 40.15 21.00
40.65 22.10
40.85 22.65
41.18 22.60
41.12 22.00
40.95 21.50
39 N-E12 Serres 41.18 22.60 - 6.8 6.2 6.2
Σέρρες 40.85 22.65
40.90 23.60
41.30 23.60
40 N-E13 Drama 41.50 23.60 7.3 5.7 7.3 7.3
Δράμα 41.30 23.60
40.90 23.60
41.15 24.90
41.40 24.90
41.60 24.48
41 N-E14 Kozani 40.15 21.00 6.6 6.2 6.5 6.5
Κοζάνη 39.70 21.25
40.35 22.40
40.65 22.10
42 N-E15 Anthemountas 40.65 22.10 6.3 6.6 6.5 6.5
Ανθεμούντας 40.35 22.40
40.35 23.30
40.55 23.30
40.55 23.00
40.85 22.65
43 N-E16 Mygdonia 40.85 22.65 6.5 6.5 6.5 6.5
Μυγδονία 40.55 23.00
40.55 23.30
40.65 23.70
40.90 23.60
44 N-E17 Ierissos 40.55 23.30 7.0 6.4 7.0 7.0
Ιερισσός 40.35 23.30
40.32 23.50
40.25 23.80
40.25 24.45
40.50 24.55
40.65 23.70
45 N-E18 Thermaikos 40.35 22.40 - - 5.3 6.0
Θερμαϊκός κόλπος 39.70 22.85
39.85 23.10
40.32 23.50
40.35 23.30
46 N-E19 Kassandra-Sithonia 39.85 23.10 6.5 6.6 6.4 6.5
Κασσάνδρα-Σιθωνία 39.65 23.60
39.82 23.98
40.25 24.65
40.25 24.45
40.25 23.80
40.32 23.50
47 N-E20 Skiathos 39.70 22.85 6.4 6.7 6.4 6.5
Σκιάθος 39.12 23.35
39.10 23.80
39.65 23.60
39.85 23.10
48 N-E21 Kavala 40.90 23.60 6.8 6.3 6.7 6.7
Καβάλα 40.65 23.70
40.50 24.55
40.95 24.90
41.15 24.90
49 N-E22 Thassos 40.95 24.90 - 6.2 4.6 6.0
Θάσος 40.50 24.55
40.25 24.45
40.25 24.65
40.60 25.20
50 N-E23 Rodopi 41.40 24.90 6.7 6.5 6.7 6.7
Ροδόπη 41.15 24.90
40.95 24.90
40.90 25.75
41.48 26.00
51 N-E24 Thrakiko 40.95 24.90 - - 4.6 6.0
Θρακικό πέλαγος 40.60 25.20
40.62 26.10
40.90 25.75
52 N-E25 Evros 41.48 26.00 7.4 7.1 7.4 7.2
Εβρος 40.90 25.75
40.62 26.10
41.05 27.45
41.52 27.45
41.50 26.75
53 N-E26 Vosporos 41.52 27.45 - - 5.5 6.0
Βόσπορος 41.05 27.45
41.05 29.50
41.10 31.05
41.52 31.05
54 N-F1 N. Thessalia 39.70 21.25 6.4 6.5 6.4 6.4
Β. Θεσσαλία 39.30 21.50
39.35 22.10
39.70 22.85
40.35 22.40
55 N-F2 S. Thessalia 39.30 21.50 7.0 6.3 7.0 7.0
Ν. Θεσσαλία 39.00 21.45
38.98 21.80
38.97 22.28
38.95 23.00
39.12 23.35
39.70 22.85
39.35 22.10
56 N-F3 Aitoloakarnania 38.97 21.23 - 6.4 5.2 6.3
Αιτωλοακαρνανία 38.54 21.18
38.53 21.65
38.50 22.20
38.98 21.80
39.00 21.45
57 N-F4 Gravia 38.98 21.80 6.8 7.2 6.8 6.8
Γραβιά 38.50 22.20
38.46 22.38
38.42 22.82
38.97 22.28
58 N-F5 Maliakos 38.97 22.28 7.0 7.0 7.0 7.0
Μαλιακός 38.42 22.82
38.44 23.10
38.45 23.50
38.78 23.35
38.95 23.00
59 N-F6 C. Evoia 38.78 23.35 6.4 7.1 6.4 6.4
Κ. Εύβοια 38.45 23.50
38.25 23.57
38.32 23.83
38.20 24.15
38.32 24.50
38.45 24.75
38.60 24.50
38.85 24.15
60 N-F7 Messologi 38.54 21.18 - 6.3 5.7 6.3
Μεσολόγγι 38.00 20.85
38.35 21.65
38.53 21.65
61 N-F8 Aigio 38.53 21.65 6.9 6.5 6.8 6.8
Αίγιο 38.35 21.65
38.10 22.00
38.00 22.40
38.46 22.38
38.50 22.20
62 N-F9 Corinthiakos 38.46 22.38 6.8 6.9 6.8 6.8
Κορινθιακός κόλπος 38.00 22.40
37.82 22.70
38.44 23.10
38.42 22.82
63 N-F10 Alkyonides 38.44 23.10 6.7 6.7 6.6 6.7
Αλκυονίδες 37.82 22.70
37.67 23.23
37.80 23.25
38.20 23.50
38.25 23.57
38.45 23.50
64 N-F11 N. Attica 38.20 23.50 6.5 6.4 6.3 6.4
Β. Αττική 37.80 23.25
38.20 24.15
38.32 23.83
38.25 23.57
65 N-F12 S. Attica 37.80 23.25 - - 6.0 6.0
Ν. Αττική 37.67 23.23
37.50 23.70
37.95 24.70
38.32 24.50
38.20 24.15
66 N-F13 Argolida 38.10 22.00 6.3 6.9 6.4 6.3
Αργολίδα 37.45 22.50
37.45 22.70
37.15 23.45
37.50 23.70
37.67 23.23
37.82 22.70
38.00 22.40
67 N-H1 Andravida 38.00 20.85 7.0 6.9 6.9 6.9
Ανδραβίδα 37.63 21.22
38.10 22.00
38.35 21.65
68 N-H2 Kiparissiakos 37.63 21.22 6.5 6.4 6.5 6.5
Κυπαρισσιακός κόλπος 37.50 21.38
37.32 21.12
37.05 21.40
37.15 21.55
37.35 22.00
37.45 22.50
38.10 22.00
69 N-L1 Kalamata-Sparti 37.15 21.55 7.1 6.7 7.1 7.0
Καλαμάτα-Σπάρτη 36.75 22.00
36.00 22.50
36.65 22.78
37.45 22.50
37.35 22.00
70 N-L2 Leonidio 37.45 22.50 - 6.2 5.0 6.0
Λεωνίδιο 36.65 22.78
36.65 23.50
37.15 23.45
37.45 22.70
71 N-L3 Kythira 36.65 22.78 7.2 6.9 7.2 7.0
Κύθηρα 36.00 22.50
35.60 23.25
35.85 23.50
36.25 23.50
36.65 23.50
72 N-L4 Chania 35.60 23.25 - 6.7 5.7 6.5
Χανιά 35.15 23.85
35.35 24.10
35.85 23.50
73 N-L5 Sfakia 35.15 23.85 - - 6.1 6.2
Σφακιά 34.87 24.30
35.13 24.70
35.35 24.10
74 N-L6 S. Crete 35.13 24.70 6.3 7.7 6.8 6.8
Ν. Κρήτη 34.87 24.30
34.45 24.95
34.40 26.05
34.90 26.90
35.12 25.40
75 N-L7 Kritiko 36.25 23.50 6.4 6.2 6.4 6.2
Κρητικό πέλαγος 35.85 23.50
35.35 24.10
35.13 24.70
35.12 25.40
35.80 25.40
76 N-L8 Lasithi 35.80 25.40 7.2 6.8 7.2 7.2
Λασίθι 35.12 25.40
34.90 26.90
35.85 26.70
77 N-L9 Karpathos 36.45 26.85 7.1 7.0 7.1 7.1
Κάρπαθος 35.85 26.70
34.90 26.90
35.45 27.30
35.75 27.65
36.25 27.65
36.50 27.20
78 S-I1 Alonissos 39.65 23.60 7.5 7.1 7.5 7.5
Αλόννησος 39.10 23.80
39.25 24.25
39.80 24.90
40.25 24.65
39.82 23.98
79 S-I2 N. Evoia 38.95 23.00 - 6.4 5.8 6.2
Β. Εύβοια 38.78 23.35
38.85 24.15
39.10 23.80
39.12 23.35
80 S-I3 Skyros 39.10 23.80 6.3 6.7 6.5 6.5
Σκύρος 38.60 24.50
38.85 24.75
39.25 24.25
81 S-I4 Ag Efstratios 39.25 24.25 7.1 6.8 7.1 7.1
Αγ. Ευστράτιος 38.85 24.75
39.60 25.65
39.80 24.90
82 S-I5 N. Aegean 38.60 24.50 7.2 7.4 6.8 7.2
Β. Αιγαίο 38.45 24.75
39.20 25.65
39.64 26.10
39.60 25.65
38.85 24.75
83 S-I6 Psara 38.45 24.75 6.3 6.4 6.2 6.8
Ψαρά 38.15 25.25
38.75 26.15
38.70 26.40
38.92 26.53
38.95 25.90
39.20 25.65
84 S-I7 Molyvos 39.64 26.10 6.9 7.2 6.9 7.0
Μόλυβος 39.20 25.65
39.50 27.00
39.68 26.30
85 S-I8 Lesvos 39.20 25.65 7.0 6.9 7.0 7.0
Λέσβος 38.95 25.90
38.92 26.53
39.50 27.00
86 S-I9 Lemnos-Imvros 40.25 24.65 7.4 7.1 7.3 7.3
Λήμνος-Ίμβρος 39.80 24.90
40.00 26.30
40.62 26.10
40.60 25.20
87 S-I10 Tenedos 39.80 24.90 7.0 7.1 7.0 7.0
Τένεδος 39.60 25.65
39.64 26.10
39.68 26.30
40.00 26.30
88 S-I11 Canakkale 40.62 26.10 7.6 7.6 7.6 7.6
Δαρδανέλια 40.00 26.30
40.70 28.00
41.05 27.45
89 S-I12 NW. Turkey 40.00 26.30 7.4 7.2 7.4 7.4
ΒΔ. Τουρκία 39.68 26.30
39.50 27.00
39.88 28.35
40.25 28.20
40.70 28.00
90 S-I13 Istanbul 41.05 27.45 7.5 7.7 7.5 7.5
Κωνσταντινούπολη 40.70 28.00
40.70 29.50
41.05 29.50
91 S-I14 Duzce 40.70 28.00 7.5 7.8 7.5 7.5
Ντούτζε 40.25 28.20
40.25 30.00
40.50 31.05
41.10 31.05
41.05 29.50
40.70 29.50
92 S-I15 Bursa 40.25 28.20 7.1 6.9 7.4 7.4
Προύσα 39.88 28.35
39.70 30.20
39.70 31.10
40.50 31.10
40.25 30.00
93 N-J1 Cyclades 38.45 24.75 6.8 7.3 6.8 6.4
Κυκλάδες 38.32 24.50
37.95 24.70
37.50 23.70
37.15 23.45
36.65 24.00
36.95 24.40
36.75 24.80
36.45 25.10
36.65 25.50
37.30 26.50
37.75 26.50
38.15 25.25
94 N-J2 S. Aegean 1 37.15 23.45 - 6.6 5.0 6.0
Ν. Αιγαίο 1 36.65 23.50
36.25 23.50
35.80 25.40
36.22 25.40
36.45 25.10
36.75 24.80
36.45 24.40
36.65 24.00
95 N-J3 Milos 36.65 24.00 - 6.6 6.5 6.5
Μήλος 36.45 24.40
36.75 24.80
36.95 24.40
96 N-J4 S. Aegean 2 36.45 25.65 - - 5.6 6.0
Ν. Αιγαίο 2 36.22 25.40
35.80 25.40
35.85 26.70
36.45 26.85
97 N-K1 Chios 38.15 25.25 6.8 6.9 6.8 6.8
Χίος 37.75 26.50
38.05 27.10
38.70 26.40
38.75 26.15
98 N-K2 Izmir 38.70 26.40 7.0 7.7 7.0 7.0
Σμύρνη 38.05 27.10
38.07 27.30
38.15 28.60
38.90 27.65
38.92 26.53
99 N-K3 Pergamos 39.50 27.00 7.0 6.9 7.0 7.0
Πέργαμος 38.92 26.53
38.90 27.65
39.50 28.15
39.88 28.35
100 N-K4 Durcunbey 39.88 28.35 6.2 - 6.2 6.5
Ντουρτσούνμπευ 39.50 28.15
39.45 31.10
39.70 31.10
39.70 30.20
101 N-K5 Kutahya 39.50 28.15 6.8 7.1 7.1 7.1
Κιουτάχεια 38.90 27.65
38.35 31.10
39.45 31.10
102 N-K6 Kula 38.90 27.65 6.9 7.5 6.6 6.9
Κουλά 38.15 28.60
37.95 28.90
37.95 30.20
37.95 31.10
38.35 31.10
38.47 30.30
103 N-K7 Samos 37.75 26.50 6.9 6.5 6.9 6.9
Σάμος 37.30 26.50
37.28 27.40
38.07 27.30
38.05 27.10
104 N-K8 Aydin 38.07 27.30 7.2 7.9 7.2 7.2
Αϊντίν 37.28 27.40
37.20 28.75
38.15 28.60
105 N-K9 Denizli 38.15 28.60 6.9 7.0 7.0 7.0
Ντενιζλί 37.20 28.75
37.15 29.40
37.95 30.20
37.95 28.90
106 N-K10 Antalya 37.15 29.40 7.0 6.9 7.0 7.0
Αττάλεια 36.90 29.90
36.70 30.50
36.70 31.10
37.95 31.10
37.95 30.20
107 N-K11 Santorini 36.45 25.10 6.1 6.6 6.1 6.5
Σαντορίνη 36.22 25.40
36.45 25.65
36.65 25.50
108 N-K12 Amorgos 36.65 25.50 7.3 7.1 7.5 7.5
Αμοργός 36.45 25.65
36.45 26.85
37.30 26.50
109 N-K13 Kos 37.30 26.50 7.1 7.2 7.0 7.0
Κως 36.45 26.85
36.50 27.20
36.60 27.50
37.28 27.40
110 N-K14 Bodrum 37.28 27.40 7.1 7.3 6.8 7.0
Αλικαρνασσός 36.60 27.50
37.00 28.75
37.20 28.75
111 N-K15 Symi 36.50 27.20 6.7 6.9 6.8 6.8
Σύμη 36.25 27.65
36.70 28.75
37.00 28.75
36.60 27.50
112 N-K16 Fethiye 37.20 28.75 - 6.3 5.7 6.8
Τελμεσσός 37.00 28.75
36.70 28.75
36.60 28.95
36.40 29.50
36.90 29.90
37.15 29.40
113 N-K17 Finike 36.40 29.50 - - 5.2 6.0
Φοινίκη 36.10 31.00
36.70 31.10
36.70 30.50
36.90 29.90

